%YAML:1.0
---
matNoise: !!opencv-matrix
   rows: 1480
   cols: 1
   dt: d
   data: [ -1.2196578414159691e-01, -1.0868180442613573e+00,
       6.8428994379655483e-01, -1.0751891495180290e+00,
       3.3269476420492390e-02, 7.4483559772278241e-01,
       3.3606122646822570e-02, -5.2663720618529819e-01,
       4.6253204358022892e-01, 2.0069944199703771e-01,
       2.1246766763318949e+00, 3.7172123056217998e-01,
       1.0209627293155239e+00, 7.8340821492625301e-01,
       -1.2784189342531804e-01, -3.3681327867293431e-01,
       -6.8715483355235796e-01, 1.3084209556379263e+00,
       -9.3584189444566812e-01, -2.6723658630246705e+00,
       -7.7273953717596533e-01, -5.2156563596665928e-01,
       -2.0152881888329204e+00, 5.0367933234510151e-02,
       -8.9462496940567626e-01, -1.3166481599273101e-02,
       -1.8468026912732943e-01, -6.7945447048328622e-01,
       -7.3738370092608765e-02, 8.5824586423271987e-01,
       3.7691205710396108e-01, -7.4927214126372488e-01,
       1.4023070193781786e+00, 8.0590050941745417e-01,
       -3.3523234582887074e-01, 6.7256921850979223e-01,
       1.2115231744276171e+00, 4.6480505451165888e-02,
       -2.8511450609002520e-01, 1.1508680897650414e+00,
       -1.3142754785070374e+00, -1.3108190026491554e-01,
       -4.7095904290192869e-01, 7.2270590847444693e-02,
       1.6732663145911988e+00, -1.0242613177535815e-02,
       -4.0560795669609745e-01, -3.1525667129967522e-01,
       -6.0695982455115194e-01, -1.5963265350535352e+00,
       -9.8812126910135978e-01, 7.9713885135917406e-01,
       1.1047013620775223e+00, -1.3255692770839598e+00,
       -9.7174884992527022e-01, 1.5695702833133101e+00,
       1.5873875619193026e-01, -1.6190426355140750e-01,
       1.4181730319804078e+00, -1.9936401379799999e+00,
       5.6795607685769267e-01, -1.4147257246134606e-02,
       5.1560055244222081e-01, -1.1975428504279340e+00,
       1.1167470211471939e+00, 5.5733162429555339e-01,
       -1.4357224184542059e+00, -1.1402671280181874e-01,
       9.4100523580065409e-01, -2.1884159064827508e-01,
       -4.1790445034554019e-01, -1.0483269731527614e+00,
       -1.3484633667799995e-01, -1.1009437256062371e+00,
       7.4610754042070226e-01, -8.2444554075724333e-02,
       9.5848548607754602e-02, -6.6743869830669766e-02,
       1.8844078197756488e-02, 1.1417416923760628e+00,
       -1.5784951852360402e-01, 1.3276890449456098e+00,
       1.1021609536438302e+00, 4.5057157311851015e-01,
       1.3260878588569894e-01, 5.9008580104710655e-02,
       1.2691681619934070e-01, -1.8524374863042208e+00,
       9.9060314865671806e-01, -2.2615881146914774e-01,
       9.3006855732083349e-01, 9.9090511914902968e-01,
       -7.4190253290718400e-01, 4.2635598588154619e-02,
       2.0047783983260445e+00, -1.2176117705230942e-01,
       7.7581454185910459e-01, -2.8565730017111184e+00,
       1.3453128057178432e+00, -2.6443174323670898e-01,
       -4.9467996904954192e-01, -4.1197355320469592e-01,
       -5.8018937316036179e-01, 1.6031028485901067e+00,
       9.1513224353695433e-01, 4.9116625795244967e-01,
       -1.2412149020852481e+00, 5.6144073069701372e-01,
       5.5204681940434042e-01, -1.3713653264850431e-01,
       -9.2545840610839591e-01, -9.8896670144925281e-01,
       -7.0430116496560302e-01, 9.1775071996919078e-01,
       -3.8338382652562147e-01, 1.2034385874538751e+00,
       -3.5740781064731625e-01, -3.3741162859161455e-01,
       -4.4944062772860299e-01, -2.7396714840231040e-01,
       1.1977575986275879e+00, 5.4740624637068203e-01,
       6.9749709485930689e-01, 1.3222313320431318e+00,
       -1.6552154000253789e+00, 8.9707420324271236e-01,
       7.0191668549916306e-02, -1.0279238713381667e+00,
       1.6569797775456854e+00, 7.1824362068040493e-01,
       1.5769390904348557e-01, -1.4810100535880821e-01,
       -1.8665784492496773e+00, 5.7659064248900538e-01,
       2.4705155210616416e+00, 8.0038176765800351e-01,
       -1.9526287725346023e+00, -1.0404925298629975e+00,
       -2.1335626447285185e+00, -1.0106630291240069e+00,
       -1.5524096121081679e-01, -2.6605750940490253e-01,
       1.1740326602980691e+00, 9.0507581765316580e-01,
       2.0389333561449612e+00, -4.9996489917333309e-01,
       -1.0730013878058453e+00, 3.2422645204351780e-01,
       3.1032606162506482e-01, -2.1250478300428615e+00,
       -1.5433950344969813e-01, 1.1997944528142375e+00,
       1.5704056475387020e+00, -3.9530928360783024e-01,
       1.0562666744052591e+00, 8.1417762407962557e-01,
       2.4699607440425142e-01, 4.0381933459298358e-01,
       8.2170849963529285e-03, -2.1952264841151548e-01,
       -1.4699652463878392e+00, 2.2771904809000168e-01,
       1.4455806237385349e+00, 8.7611538945119094e-01,
       -8.2820062224806990e-01, -1.4205980592793606e+00,
       -6.4869920285332827e-01, -3.1080871833721496e-01,
       -4.9604610969794760e-01, -8.3023722835285363e-01,
       2.2466451400625953e+00, -2.4947273271287895e+00,
       2.5410371426106276e-01, -2.6629276484941394e-01,
       -1.8069541190342686e+00, 8.3244554658531267e-01,
       -1.0792637250668601e-02, -4.9085328422145258e-01,
       2.5586886662627006e-01, 1.6858986947065475e+00,
       -1.8495097300762819e-01, -2.2397271943185776e-01,
       -9.4815957955201458e-01, 2.8927746101338309e-01,
       -4.9508316674177294e-01, -1.5768108902643900e+00,
       2.4477000987242828e-01, 3.7371837632772675e-01,
       1.9818074810866859e+00, -5.7655347832576942e-01,
       2.3254062286332783e-01, -1.4377604568249216e+00,
       -2.6406085732830498e-01, -1.2565774311571327e+00,
       8.9347094621122003e-01, 4.9805512663778717e-01,
       -7.5473514383704587e-01, 8.1392095371318762e-01,
       7.5639014530004400e-01, 8.1666560155684098e-01,
       -1.1926352226332426e-01, 4.6731207179024882e-02,
       6.4817351562543613e-01, -1.1820574228739418e+00,
       -1.3053845967770072e+00, -6.3004610615103995e-01,
       -3.1084056809427030e-01, -3.0520389123899300e-01,
       4.0391678012143573e-01, 1.4567707044231548e-01,
       -1.4996036588132322e-01, 3.7655516434774765e-02,
       -1.0097031539673602e-01, 5.0195311465267255e-02,
       -7.4522215912394263e-01, 3.2876428874174989e-02,
       -7.2105678905505077e-01, 5.3378973304741151e-01,
       -2.7071559461383909e-01, -8.1317986749629734e-01,
       8.0093793318017925e-01, -1.8023894865630785e+00,
       7.9890643515492121e-01, 1.0326496129439822e+00,
       -1.8211228117985295e-01, 5.7471668363453376e-01,
       -1.5776178672737238e+00, -2.7307261196618748e-01,
       -1.6773544297747622e+00, -6.2568703841281803e-01,
       1.4442660772404647e-01, -1.4928112787095986e+00,
       4.1792424006405426e-01, 7.1833960477762815e-01,
       -7.6722200477320091e-01, -2.2342969360810754e+00,
       -1.0408944562315998e+00, 5.4737303922685721e-01,
       -1.6343059237505924e+00, 1.1359284152241944e+00,
       1.2675992817657429e+00, 3.6617871465321555e-02,
       1.1216000099122263e+00, -1.4518954956874965e+00,
       -1.5185936834284273e+00, 1.0488504700916958e-01,
       2.5940666659191719e-01, -5.1640698099971982e-01,
       -7.1934241803193621e-01, -1.4088420290627088e+00,
       -1.7839798786118213e-01, -1.5639314420545563e+00,
       8.2861960003976470e-02, -4.2373719875230437e-01,
       4.3030527448920020e-01, -2.0075714755273162e+00,
       4.2729783550766054e-01, -8.8238897414873466e-02,
       5.9197578563954201e-01, 1.9122852176920174e-01,
       2.9661661110937410e-01, 1.2849794735938147e+00,
       -7.0897174412527708e-01, -2.7480598576649490e-01,
       1.1992371387412024e+00, 1.0546013822928857e+00,
       -5.4640131844348683e-01, -1.0919508145513448e+00,
       -3.7836859351546986e-01, -4.8840317423891816e-01,
       -3.8306661029533229e-01, 6.9564146732802645e-02,
       -1.2096643028407544e-01, 7.5080741039003723e-02,
       -1.2418698786238672e-01, 7.5972544994325786e-01,
       3.5526975853189552e-01, 1.1578902258999837e+00,
       -1.2441152405195792e+00, 7.1052514469993638e-02,
       1.0513890435962348e+00, 2.4876968920548590e+00,
