X1=[0.697336 0.599223 0.496011 0.389618 0.299871 0.256466 0.232991 0.220548 0.230471 0.270807 0.356988 0.439665 0.558669 0.745055 0.907306 1.13193 1.41757 1.73814 2.0338 2.37226 2.62542 2.93481 3.2348 3.64417 4.07113 4.46088 4.94262 5.29875 5.63263 5.999 6.42648 6.82875 7.34853 7.78209 8.3292 8.78596 9.12494 ];
Y1=[0.061009 0.332975 0.664203 1.08459 1.56778 1.91199 2.20015 2.51794 3.03818 3.49897 4.0414 4.40804 4.82503 5.34168 5.71248 6.14958 6.61869 7.06468 7.42039 7.77671 8.01392 8.27489 8.50129 8.7732 9.01656 9.20667 9.40334 9.52348 9.61775 9.70161 9.77447 9.81915 9.84327 9.83466 9.78634 9.7134 9.63953 ];
Z1=[0.5 0.5 0.5 0.5 0.5 0.5 0.5 0.5 0.5 0.5 0.5 0.5 0.5 0.5 0.5 0.5 0.5 0.5 0.5 0.5 0.5 0.5 0.5 0.5 0.5 0.5 0.5 0.5 0.5 0.5 0.5 0.5 0.5 0.5 0.5 0.5 0.5 ];
X2=[1.04352 0.970515 0.896639 0.825601 0.774007 0.756213 0.753199 0.762292 0.805162 0.87227 0.987014 1.08713 1.22407 1.4297 1.60358 1.83938 2.13361 2.4586 2.75474 3.09045 3.33966 3.64233 3.93409 4.32983 4.73996 5.11228 5.57 5.90672 6.22122 6.56506 6.96463 7.33909 7.82077 8.22067 8.72289 9.14006 9.44838 ];
Y2=[0.693588 0.951151 1.26378 1.65898 2.11109 2.43184 2.69954 2.99387 3.47377 3.89677 4.39221 4.72551 5.10296 5.5681 5.90008 6.28928 6.70408 7.09525 7.40466 7.71185 7.91456 8.13556 8.32525 8.54988 8.74701 8.89736 9.04781 9.13571 9.20116 9.25488 9.29449 9.30969 9.2983 9.26226 9.18218 9.08522 8.99503 ];
Z2=[1.5 1.5 1.5 1.5 1.5 1.5 1.5 1.5 1.5 1.5 1.5 1.5 1.5 1.5 1.5 1.5 1.5 1.5 1.5 1.5 1.5 1.5 1.5 1.5 1.5 1.5 1.5 1.5 1.5 1.5 1.5 1.5 1.5 1.5 1.5 1.5 1.5 ];
X3=[1.59391 1.49822 1.39601 1.28793 1.19234 1.1423 1.11173 1.08984 1.08067 1.1003 1.15746 1.21759 1.30795 1.45417 1.58417 1.76677 2.00196 2.26867 2.51657 2.80212 3.01671 3.27995 3.53611 3.88695 4.25425 4.59064 5.00775 5.31697 5.6075 5.92697 6.3006 6.65301 7.10953 7.49131 7.97436 8.37877 8.67957 ];
Y3=[0.139449 0.37537 0.66326 1.02949 1.45155 1.75292 2.00566 2.28485 2.74295 3.14977 3.63001 3.95545 4.32646 4.78746 5.1193 5.51163 5.93423 6.33767 6.66083 6.986 7.20343 7.4437 7.65323 7.90656 8.13539 8.31608 8.5057 8.62366 8.71811 8.8045 8.88332 8.93647 8.97558 8.98293 8.95924 8.91078 8.85745 ];
Z3=[0.8 0.8 0.8 0.8 0.8 0.8 0.8 0.8 0.8 0.8 0.8 0.8 0.8 0.8 0.8 0.8 0.8 0.8 0.8 0.8 0.8 0.8 0.8 0.8 0.8 0.8 0.8 0.8 0.8 0.8 0.8 0.8 0.8 0.8 0.8 0.8 0.8 ];
