%YAML:1.0
---
frameNo: 19
numTriangles: 37
iOffset_TL_X: 0
iOffset_TL_Y: 0
triangle0:
   bIsFirstTriangleInTrack: 1
   x0: 1.1111193847656250e+03
   y0: 7.5577545166015625e+02
   x1: 1.1731280517578125e+03
   y1: 5.5035522460937500e+02
   x2: 1.2805955810546875e+03
   y2: 6.9718267822265625e+02
   X0: 6.9733625650405884e-01
   Y0: 6.1009015887975693e-02
   Z0: 5.0000000000000000e-01
   X1: 1.0435206890106201e+00
   Y1: 6.9358813762664795e-01
   Z1: 1.5000000000000000e+00
   X2: 1.5939115285873413e+00
   Y2: 1.3944917917251587e-01
   Z2: 8.0000001192092896e-01
   matT: !!opencv-matrix
      rows: 0
      cols: 0
      dt: u
      data: []
   tx: 0.
   ty: 0.
   RzRad: 0.
   RzDeg: 0.
   dt: 0.
triangle1:
   bIsFirstTriangleInTrack: 0
   x0: 1.0912728271484375e+03
   y0: 7.4613922119140625e+02
   x1: 1.1577711181640625e+03
   y1: 5.4313922119140625e+02
   x2: 1.2600356445312500e+03
   y2: 6.8929199218750000e+02
   X0: 5.9922289848327637e-01
   Y0: 3.3297452330589294e-01
   Z0: 5.0000000000000000e-01
   X1: 9.7051495313644409e-01
   Y1: 9.5115101337432861e-01
   Z1: 1.5000000000000000e+00
   X2: 1.4982237815856934e+00
   Y2: 3.7537032365798950e-01
   Z2: 8.0000001192092896e-01
   matT: !!opencv-matrix
      rows: 4
      cols: 4
      dt: d
      data: [ 9.9919439508954966e-01, 4.0131793152423448e-02, 0.,
          -1.0000000149011612e-01, -4.0131793152423448e-02,
          9.9919439508954966e-01, 0., 3.0000001192092896e-01, 0., 0., 1.,
          0., 0., 0., 0., 1. ]
   tx: -1.0000000149011612e-01
   ty: 3.0000001192092896e-01
   RzRad: -4.0142573416233063e-02
   RzDeg: -2.3000000355442096e+00
   dt: 1.0000000149011612e-01
triangle2:
   bIsFirstTriangleInTrack: 0
   x0: 1.0706127929687500e+03
   y0: 7.3464068603515625e+02
   x1: 1.1421773681640625e+03
   y1: 5.3454553222656250e+02
   x2: 1.2380936279296875e+03
   y2: 6.7983264160156250e+02
   X0: 4.9601125717163086e-01
   Y0: 6.6420274972915649e-01
   Z0: 5.0000000000000000e-01
   X1: 8.9663934707641602e-01
   Y1: 1.2637834548950195e+00
   Z1: 1.5000000000000000e+00
   X2: 1.3960107564926147e+00
   Y2: 6.6326022148132324e-01
   Z2: 8.0000001192092896e-01
   matT: !!opencv-matrix
      rows: 4
      cols: 4
      dt: d
      data: [ 9.9883999747269947e-01, 4.8152460464006772e-02, 0.,
          -1.1855007708072662e-01, -4.8152460464006772e-02,
          9.9883999747269947e-01, 0., 3.6046850681304932e-01, 0., 0., 1.,
          0., 0., 0., 0., 1. ]
   tx: -1.1855007708072662e-01
   ty: 3.6046850681304932e-01
   RzRad: -4.8171088099479675e-02
   RzDeg: -2.7600000426530511e+00
   dt: 1.2000000476837158e-01
triangle3:
   bIsFirstTriangleInTrack: 0
   x0: 1.0495460205078125e+03
   y0: 7.2040991210937500e+02
   x1: 1.1269542236328125e+03
   y1: 5.2393334960937500e+02
   x2: 1.2148167724609375e+03
   y2: 6.6806048583984375e+02
   X0: 3.8961789011955261e-01
   Y0: 1.0845948457717896e+00
   Z0: 5.0000000000000000e-01
   X1: 8.2560116052627563e-01
   Y1: 1.6589801311492920e+00
   Z1: 1.5000000000000000e+00
   X2: 1.2879296541213989e+00
   Y2: 1.0294942855834961e+00
   Z2: 8.0000001192092896e-01
   matT: !!opencv-matrix
      rows: 4
      cols: 4
      dt: d
      data: [ 9.9818769342267222e-01, 6.0177476679613311e-02, 0.,
          -1.4546447992324829e-01, -6.0177476679613311e-02,
          9.9818769342267222e-01, 0., 4.5144450664520264e-01, 0., 0., 1.,
          0., 0., 0., 0., 1. ]
   tx: -1.4546447992324829e-01
   ty: 4.5144450664520264e-01
   RzRad: -6.0213856399059296e-02
   RzDeg: -3.4499998398729024e+00
   dt: 1.5000000596046448e-01
triangle4:
   bIsFirstTriangleInTrack: 0
   x0: 1.0319069824218750e+03
   y0: 7.0453515625000000e+02
   x1: 1.1152915039062500e+03
   y1: 5.1212390136718750e+02
   x2: 1.1939288330078125e+03
   y2: 6.5484436035156250e+02
   X0: 2.9987144470214844e-01
   Y0: 1.5677753686904907e+00
   Z0: 5.0000000000000000e-01
   X1: 7.7400690317153931e-01
   Y1: 2.1110942363739014e+00
   Z1: 1.5000000000000000e+00
   X2: 1.1923350095748901e+00
   Y2: 1.4515476226806641e+00
   Z2: 8.0000001192092896e-01
   matT: !!opencv-matrix
      rows: 4
      cols: 4
      dt: d
      data: [ 9.9767239240648775e-01, 6.8189423152825140e-02, 0.,
          -1.6279745101928711e-01, -6.8189423152825140e-02,
          9.9767239240648775e-01, 0., 5.1227283477783203e-01, 0., 0., 1.,
          0., 0., 0., 0., 1. ]
   tx: -1.6279745101928711e-01
   ty: 5.1227283477783203e-01
   RzRad: -6.8242378532886505e-02
   RzDeg: -3.9100002738685675e+00
   dt: 1.7000000178813934e-01
triangle5:
   bIsFirstTriangleInTrack: 0
   x0: 1.0233330688476562e+03
   y0: 6.9352764892578125e+02
   x1: 1.1105325927734375e+03
   y1: 5.0395205688476562e+02
   x2: 1.1826311035156250e+03
   y2: 6.4562872314453125e+02
   X0: 2.5646591186523438e-01
   Y0: 1.9119853973388672e+00
   Z0: 5.0000000000000000e-01
   X1: 7.5621348619461060e-01
   Y1: 2.4318432807922363e+00
   Z1: 1.5000000000000000e+00
   X2: 1.1422976255416870e+00
   Y2: 1.7529181241989136e+00
   Z2: 8.0000001192092896e-01
   matT: !!opencv-matrix
      rows: 4
      cols: 4
      dt: d
      data: [ 9.9883999747269947e-01, 4.8152460464006772e-02, 0.,
          -1.1854992061853409e-01, -4.8152460464006772e-02,
          9.9883999747269947e-01, 0., 3.6046814918518066e-01, 0., 0., 1.,
          0., 0., 0., 0., 1. ]
   tx: -1.1854992061853409e-01
   ty: 3.6046814918518066e-01
   RzRad: -4.8171088099479675e-02
   RzDeg: -2.7600000426530511e+00
   dt: 1.2000000476837158e-01
triangle6:
   bIsFirstTriangleInTrack: 0
   x0: 1.0185704956054688e+03
   y0: 6.8449841308593750e+02
   x1: 1.1087005615234375e+03
   y1: 4.9725869750976562e+02
   x2: 1.1753511962890625e+03
   y2: 6.3803778076171875e+02
   X0: 2.3299075663089752e-01
   Y0: 2.2001523971557617e+00
   Z0: 5.0000000000000000e-01
   X1: 7.5319856405258179e-01
   Y1: 2.6995358467102051e+00
   Z1: 1.5000000000000000e+00
   X2: 1.1117252111434937e+00
   Y2: 2.0056633949279785e+00
   Z2: 8.0000001192092896e-01
   matT: !!opencv-matrix
      rows: 4
      cols: 4
      dt: d
      data: [ 9.9919439508954966e-01, 4.0131793152423448e-02, 0.,
          -9.9999949336051941e-02, -4.0131793152423448e-02,
          9.9919439508954966e-01, 0., 2.9999983310699463e-01, 0., 0., 1.,
          0., 0., 0., 0., 1. ]
   tx: -9.9999949336051941e-02
   ty: 2.9999983310699463e-01
   RzRad: -4.0142573416233063e-02
   RzDeg: -2.3000000355442096e+00
   dt: 1.0000000149011612e-01
triangle7:
   bIsFirstTriangleInTrack: 0
   x0: 1.0157682495117188e+03
   y0: 6.7473175048828125e+02
   x1: 1.1088677978515625e+03
   y1: 4.9002865600585938e+02
   x2: 1.1695413818359375e+03
   y2: 6.2979492187500000e+02
   X0: 2.2054767608642578e-01
   Y0: 2.5179383754730225e+00
   Z0: 5.0000000000000000e-01
   X1: 7.6229244470596313e-01
   Y1: 2.9938719272613525e+00
   Z1: 1.5000000000000000e+00
   X2: 1.0898404121398926e+00
   Y2: 2.2848494052886963e+00
   Z2: 8.0000001192092896e-01
   matT: !!opencv-matrix
      rows: 4
      cols: 4
      dt: d
      data: [ 9.9902524554759364e-01, 4.4142482469501532e-02, 0.,
          -1.0933616012334824e-01, -4.4142482469501532e-02,
          9.9902524554759364e-01, 0., 3.3021545410156250e-01, 0., 0., 1.,
          0., 0., 0., 0., 1. ]
   tx: -1.0933616012334824e-01
   ty: 3.3021545410156250e-01
   RzRad: -4.4156830757856369e-02
   RzDeg: -2.5300000390986304e+00
   dt: 1.0999999940395355e-01
