%YAML:1.0
---
Date: "2021-04-01 04:45:56"
matP: !!opencv-matrix
   rows: 3
   cols: 4
   dt: d
   data: [ 5.4678068137301316e+03, 9.4524183638179045e+02,
       -1.4306379354615439e+02, 2.8266221539495957e+04,
       6.3247363817991475e-01, -2.8479154368897059e+02,
       -5.4862860030410593e+03, 2.4570636653978509e+04,
       8.2178184558340944e-04, 9.8870962577339139e-01,
       -1.4984191862639257e-01, 2.8872545674794289e+01 ]
matHgToI: !!opencv-matrix
   rows: 3
   cols: 3
   dt: d
   data: [ 5.4678069999999998e+03, 9.4524180000000001e+02,
       2.8266220000000001e+04, 6.3247359999999997e-01,
       -2.8479149999999998e+02, 2.4570639999999999e+04,
       8.2178180000000000e-04, 9.8870959999999997e-01,
       2.8872550000000000e+01 ]
matHiToG: !!opencv-matrix
   rows: 3
   cols: 3
   dt: d
   data: [ 1.8291560000000001e-04, -3.6877299999999998e-06,
       -1.7593610000000001e-01, -1.0860320000000000e-08,
       -8.8795189999999998e-04, 7.5566080000000002e-01,
       -4.8343150000000000e-09, 3.0407070000000000e-05,
       8.7631870000000004e-03 ]
